2 3 1 2 0 1 
0 1
1 4
2 6
3 4
4 1
25
25 25 0 0
1100
0
1
0
0
0
1100
0
1
0
0
0
0
2000
10
10
0
0
0
2000
10
10
0
0
1
10
1100
0
10
0
1
10
1100
0
10
0
0
10
0
1100
10
1
0
10
0
1100
10
1
0
0
10
10
200
0
0
0
10
10
200
0
0
0
0
1
0
1100
0
0
0
1
0
1100
2100
10
0
0
10
1200
0
1
0
0
2100
10
0
1
10
1200
1000
10
1
0
1000
10
1
0
10
100
0
0
10
100
0
0
1
0
1000
10
1
0
1000
10
0
0
10
100
0
0
10
100
1100
0
1
0
0
0
1100
0
1
0
0
0
0
2000
10
10
0
0
0
2000
10
10
0
0
1
10
1100
0
10
0
1
10
1100
0
10
0
0
10
0
1100
10
1
0
10
0
1100
10
1
0
0
10
10
200
0
0
0
10
10
200
0
0
0
0
1
0
1100
0
0
0
1
0
1100
0
1000
10
1
0
1000
10
1
0
10
100
0
0
10
100
0
0
1
0
1000
10
1
0
1000
10
0
0
10
100
0
0
10
100
     1100        0        1        0        0        0        0        0        0        0        0        0        0        0     1100        0        1        0        0        0        0        0        0        0        0
        0     2000       10       10        0        0        0        0        0        0        0        0        0        0        0     2000       10       10        0        0        0        0        0        0        0
        1       10     1100        0       10        0        0        0        0        0        0        0        0        0        1       10     1100        0       10        0        0        0        0        0        0
        0       10        0     1100       10        1        0        0        0        0        0        0        0        0        0       10        0     1100       10        1        0        0        0        0        0
        0        0       10       10      200        0        0        0        0        0        0        0        0        0        0        0       10       10      200        0        0        0        0        0        0
        0        0        0        1        0     1100        0        0        0        0        0        0        0        0        0        0        0        1        0     1100        0        0        0        0        0
        0        0        0        0        0        0     2100       10        0        0        0        0        0        0        0        0        0        0        0        0        0        0        0        0        0
        0        0        0        0        0        0       10     1200        0        1        0        0        0        0        0        0        0        0        0        0        0        0        0        0        0
        0        0        0        0        0        0        0        0     2100       10        0        0        0        0        0        0        0        0        0        0        0        0        0        0        0
        0        0        0        0        0        0        0        1       10     1200        0        0        0        0        0        0        0        0        0        0        0        0        0        0        0
        0        0        0        0        0        0        0        0        0        0     1000       10        1        0        0        0        0        0        0        0        0     1000       10        1        0
        0        0        0        0        0        0        0        0        0        0       10      100        0        0        0        0        0        0        0        0        0       10      100        0        0
        0        0        0        0        0        0        0        0        0        0        1        0     1000       10        0        0        0        0        0        0        0        1        0     1000       10
        0        0        0        0        0        0        0        0        0        0        0        0       10      100        0        0        0        0        0        0        0        0        0       10      100
     1100        0        1        0        0        0        0        0        0        0        0        0        0        0     1100        0        1        0        0        0        0        0        0        0        0
        0     2000       10       10        0        0        0        0        0        0        0        0        0        0        0     2000       10       10        0        0        0        0        0        0        0
        1       10     1100        0       10        0        0        0        0        0        0        0        0        0        1       10     1100        0       10        0        0        0        0        0        0
        0       10        0     1100       10        1        0        0        0        0        0        0        0        0        0       10        0     1100       10        1        0        0        0        0        0
        0        0       10       10      200        0        0        0        0        0        0        0        0        0        0        0       10       10      200        0        0        0        0        0        0
        0        0        0        1        0     1100        0        0        0        0        0        0        0        0        0        0        0        1        0     1100        0        0        0        0        0
        0        0        0        0        0        0        0        0        0        0        0        0        0        0        0        0        0        0        0        0        0        0        0        0        0
        0        0        0        0        0        0        0        0        0        0     1000       10        1        0        0        0        0        0        0        0        0     1000       10        1        0
        0        0        0        0        0        0        0        0        0        0       10      100        0        0        0        0        0        0        0        0        0       10      100        0        0
        0        0        0        0        0        0        0        0        0        0        1        0     1000       10        0        0        0        0        0        0        0        1        0     1000       10
        0        0        0        0        0        0        0        0        0        0        0        0       10      100        0        0        0        0        0        0        0        0        0       10      100
